-0.08-0.67
-0.11-0.88
-0.43-0.48
-0.04-0.83
-0.01-0.78
-0.24-1.06
-0.32-0.59
-0.2-0.64
0.06-0.89
-0.3-0.79
-0.39-0.57
-0.15-0.66-0.08-0.67
-0.11-0.88
-0.43-0.48
-0.04-0.83
-0.01-0.78
-0.24-1.06
-0.32-0.59
-0.2-0.64
0.06-0.89
-0.3-0.79
-0.39-0.57
-0.15-0.66-0.08-0.67
-0.11-0.88
-0.43-0.48
-0.04-0.83
-0.01-0.78
-0.24-1.06
-0.32-0.59
-0.2-0.64
0.06-0.89
-0.3-0.79
-0.39-0.57
-0.15-0.66-0.08-0.67
-0.11-0.88
-0.43-0.48
-0.04-0.83
-0.01-0.78
-0.24-1.06
-0.32-0.59
-0.2-0.64
0.06-0.89
-0.3-0.79
-0.39-0.57
-0.15-0.66-0.08-0.67
-0.11-0.88
-0.43-0.48
-0.04-0.83
-0.01-0.78
-0.24-1.06
-0.32-0.59
-0.2-0.64
0.06-0.89
-0.3-0.79
-0.39-0.57
-0.15-0.66-0.08-0.67
-0.11-0.88
-0.43-0.48
-0.04-0.83
-0.01-0.78
-0.24-1.06
-0.32-0.59
-0.2-0.64
0.06-0.89
-0.3-0.79
-0.39-0.57
-0.15-0.66-0.08-0.67
-0.11-0.88
-0.43-0.48
-0.04-0.83
-0.01-0.78
-0.24-1.06
-0.32-0.59
-0.2-0.64
0.06-0.89
-0.3-0.79
-0.39-0.57
-0.15-0.660.7-0.9
0.92-0.94
1.0-0.98
1.29-1.35
0.66-1.34
0.95-1.04
0.91-0.93
0.68-0.882.53-3.01
2.37-2.56
2.62-2.52
2.68-2.04
2.26-2.53
2.52-2.5
2.61-2.42
2.61-2.53
2.58-2.37
2.39-2.64-0.08 -0.67
-0.11 -0.88
-0.43 -0.48
-0.04 -0.83
-0.01 -0.78
-0.24 -1.06
-0.32 -0.59
-0.2 -0.64
0.06 -0.89
-0.3 -0.79
-0.39 -0.57
-0.15 -0.660.7 -0.9
0.92 -0.94
1.0 -0.98
1.29 -1.35
0.66 -1.34
0.95 -1.04
0.91 -0.93
0.68 -0.882.53 -3.01
2.37 -2.56
2.62 -2.52
2.68 -2.04
2.26 -2.53
2.52 -2.5
2.61 -2.42
2.61 -2.53
2.58 -2.37
2.39 -2.64-0.08 -0.67
-0.11 -0.88
-0.43 -0.48
-0.04 -0.83
-0.01 -0.78
-0.24 -1.06
-0.32 -0.59
-0.2 -0.64
0.06 -0.89
-0.3 -0.79
-0.39 -0.57
-0.15 -0.66-0.08 -0.67
-0.11 -0.88
-0.43 -0.48
-0.04 -0.83
-0.01 -0.78
-0.24 -1.06
-0.32 -0.59
-0.2 -0.64
0.06 -0.89
-0.3 -0.79
-0.39 -0.57
-0.15 -0.664.46 -4.32
4.55 -4.36
4.49 -4.7
4.34 -4.57
4.53 -4.54
4.4 -4.58
4.55 -4.4
4.38 -4.79
4.54 -4.51
4.3 -4.43
4.23 -4.35
4.56 -4.62
4.39 -4.419.82 -9.85
9.9 -10.04
9.23 -9.88
9.13 -10.15
9.15 -9.85
9.15 -9.76
9.48 -9.87
9.86 -10.24
9.53 -10.24
9.36 -10.03
9.3 -9.7611.65 -12.24
11.89 -12.07
11.83 -12.09
12.02 -12.37
11.77 -12.27
11.83 -12.56
11.64 -12.19
11.84 -12.38
11.89 -12.39
11.65 -12.21
11.64 -12.12
11.64 -12.1412.93 -13.29
12.65 -13.42
12.82 -13.41
12.84 -13.49
12.81 -13.13
12.82 -13.48
12.95 -13.47
12.94 -13.56
12.92 -13.4
13.04 -13.5213.46 -14.04
13.53 -13.78
13.67 -14.23
14.0 -13.73
13.81 -13.91
13.58 -14.21
13.89 -14.3114.43 -14.94
14.22 -14.95
14.94 -14.66
14.48 -14.75
14.2 -14.74
14.22 -14.56
14.64 -14.95
14.21 -14.82
14.5 -14.71
14.6 -14.72
14.54 -14.3314.79 -15.35
14.67 -15.1
14.47 -15.38
14.69 -14.99
14.64 -15.15
14.43 -15.37
14.88 -15.32
14.46 -14.74
14.79 -15.07
14.76 -15.2
14.67 -15.31
14.11 -14.6314.88 -15.31
14.93 -15.73
14.88 -15.14
15.06 -15.55
14.82 -15.68
15.18 -15.58
14.9 -15.0415.43 -15.78
15.02 -15.92
15.32 -16.2
15.5 -15.92
15.35 -15.79
15.25 -16.02
15.29 -15.87
15.43 -15.52
15.36 -16.14
14.85 -15.5715.35 -15.8
15.46 -16.29
15.01 -15.92
15.26 -16.07
15.99 -16.47
15.64 -16.39
15.95 -15.9215.35 -15.87
15.99 -16.27
16.13 -16.25
15.49 -16.14
16.09 -16.5
15.88 -16.11
15.91 -16.19
15.45 -16.21
15.21 -15.62-0.28 -0.7
-0.16 -0.75
-0.17 -0.74
-0.04 -0.83
-0.13 -0.76
-0.2 -0.76
0.05 -0.8
-0.26 -0.73
-0.02 -0.76
-0.27 -0.71
-0.37 -0.79
-0.33 -0.53-0.28 -0.7
-0.16 -0.75
-0.17 -0.74
-0.04 -0.83
-0.13 -0.76
-0.2 -0.76
0.05 -0.8
-0.26 -0.73
-0.02 -0.76
-0.27 -0.71
-0.37 -0.79
-0.33 -0.53-4.19 3.71
-4.05 3.57
-4.13 3.78
-3.96 3.57
-4.11 3.64
-4.05 3.59
-3.99 3.7
-3.85 3.67
-4.27 3.74
-4.05 3.29
-4.21 3.9
-4.02 3.73
-3.92 3.71-9.0 9.11
-9.25 8.75
-9.14 9.31
-9.29 8.71
-8.93 8.95
-8.9 9.35
-9.29 8.76
-9.31 9.37
-9.09 8.58
-9.19 9.41
-9.32 9.08-11.4 11.53
-11.64 11.48
-10.77 11.56
-11.14 11.24
-11.43 11.24
-11.5 11.58
-11.15 11.41
-11.26 11.51
-11.12 11.36
-11.38 11.53
-11.36 11.21
-11.34 11.33-12.42 12.32
-12.52 12.7
-12.63 12.63
-12.32 12.87
-12.81 13.06
-12.32 12.91
-12.43 12.86
-12.37 12.74
-12.18 12.87
-12.27 12.77-13.64 13.77
-13.56 13.63
-13.23 13.79
-13.31 13.64
-13.22 13.49
-13.14 13.59
-13.04 13.49-14.14 14.25
-13.66 14.11
-13.92 13.63
-14.2 14.62
-14.22 14.52
-14.03 14.25
-14.21 14.38
-13.99 13.91
-14.13 14.09
-14.01 14.38
-13.89 14.48-14.38 14.79
-14.25 14.85
-14.69 14.84
-14.6 14.83
-14.74 14.76
-14.07 14.62
-14.68 15.13
-14.45 14.8
-14.58 14.5
-14.75 14.81
-14.39 14.89
-14.42 14.89-14.69 15.02
-14.67 15.03
-14.79 15.35
-14.71 15.15
-14.96 15.26
-14.41 15.32
-15.13 14.9-15.17 15.54
-15.01 15.04
-15.19 15.25
-14.97 15.11
-14.96 15.47
-15.51 15.45
-15.15 15.71
-14.64 15.49
-15.32 15.51
-15.23 15.72-15.38 16.07
-15.15 15.54
-15.31 15.6
-15.43 15.62
-15.02 15.33
-15.6 15.39
-15.02 15.44-15.68 16.09
-15.51 15.51
-15.53 15.93
-15.31 15.71
-15.12 15.23
-15.48 15.43
-15.84 15.84
-15.64 15.83
-15.99 15.670.43 0.33
0.46 0.32
0.46 0.32
0.49 0.3
0.47 0.32
0.45 0.32
0.51 0.31
0.44 0.33
0.5 0.32
0.43 0.33
0.41 0.31
0.42 0.370.03 0.96
0.04 0.95
0.05 0.96
0.04 0.96
0.05 0.96
0.04 0.96
0.05 0.96
0.04 0.94
0.04 0.96
0.03 0.95
0.04 0.96
0.04 0.96
0.05 0.960.01 0.99
0.0 0.99
0.0 1.0
0.0 0.99
0.01 0.99
0.01 0.99
0.0 0.99
0.0 1.0
0.01 0.99
0.0 1.0
0.0 0.990.0 1.0
0.0 1.0
0.0 1.0
0.0 1.0
0.0 0.99
0.0 1.0
0.0 1.0
0.0 1.0
0.0 1.0
0.0 1.0
0.0 1.0
0.0 1.00.0 1.0
0.0 1.0
0.0 1.0
0.0 1.0
0.0 1.0
0.0 1.0
0.0 1.0
0.0 1.0
0.0 1.0
0.0 1.00.0 1.0
0.0 1.0
0.0 1.0
0.0 1.0
0.0 1.0
0.0 1.0
0.0 1.00.0 1.0
0.0 1.0
0.0 1.0
0.0 1.0
0.0 1.0
0.0 1.0
0.0 1.0
0.0 1.0
0.0 1.0
0.0 1.0
0.0 1.00.0 1.0
0.0 1.0
0.0 1.0
0.0 1.0
0.0 1.0
0.0 1.0
0.0 1.0
0.0 1.0
0.0 1.0
0.0 1.0
0.0 1.0
0.0 1.00.0 1.0
0.0 0.99
0.0 1.0
0.0 1.0
0.0 1.0
0.0 1.0
0.0 1.00.0 1.0
0.0 1.0
0.0 1.0
0.0 1.0
0.0 1.0
0.0 1.0
0.0 1.0
0.0 1.0
0.0 1.0
0.0 1.00.0 1.0
0.0 1.0
0.0 1.0
0.0 1.0
0.0 1.0
0.0 1.0
0.0 1.00.0 1.0
0.0 1.0
0.0 1.0
0.0 1.0
0.0 1.0
0.0 1.0
0.0 1.0
0.0 1.0
0.0 1.00.43 0.33
0.46 0.32
0.46 0.32
0.49 0.3
0.47 0.32
0.45 0.32
0.51 0.31
0.44 0.33
0.5 0.32
0.43 0.33
0.41 0.31
0.42 0.370.43 0.33
0.46 0.32
0.46 0.32
0.49 0.3
0.47 0.32
0.45 0.32
0.51 0.31
0.44 0.33
0.5 0.32
0.43 0.33
0.41 0.31
0.42 0.370.4 0.38
0.42 0.37
0.3 0.39
0.46 0.37
0.41 0.35
0.36 0.41
0.37 0.39
0.38 0.33
0.37 0.34
0.4 0.37
0.36 0.4
0.36 0.37
0.37 0.40.27 0.46
0.3 0.51
0.31 0.48
0.21 0.5
0.3 0.46
0.24 0.5
0.29 0.48
0.24 0.47
0.27 0.46
0.29 0.45
0.32 0.550.32 0.49
0.35 0.47
0.37 0.41
0.37 0.44
0.4 0.43
0.48 0.42
0.34 0.42
0.35 0.49
0.37 0.51
0.3 0.43
0.34 0.38
0.39 0.540.43 0.33
0.46 0.32
0.46 0.32
0.49 0.3
0.47 0.32
0.45 0.32
0.51 0.31
0.44 0.33
0.5 0.32
0.43 0.33
0.41 0.31
0.42 0.370.4 0.38
0.42 0.37
0.3 0.39
0.46 0.37
0.41 0.35
0.36 0.41
0.37 0.39
0.38 0.33
0.37 0.34
0.4 0.37
0.36 0.4
0.36 0.37
0.37 0.40.27 0.46
0.3 0.51
0.31 0.48
0.21 0.5
0.3 0.46
0.24 0.5
0.29 0.48
0.24 0.47
0.27 0.46
0.29 0.45
0.32 0.550.32 0.49
0.35 0.47
0.37 0.41
0.37 0.44
0.4 0.43
0.48 0.42
0.34 0.42
0.35 0.49
0.37 0.51
0.3 0.43
0.34 0.38
0.39 0.540.43 0.4
0.55 0.53
0.53 0.49
0.4 0.4
0.37 0.45
0.49 0.43
0.4 0.44
0.44 0.49
0.34 0.44
0.63 0.490.41 0.41
0.36 0.41
0.37 0.36
0.36 0.43
0.37 0.46
0.27 0.45
0.31 0.440.44 0.41
0.34 0.45
0.46 0.44
0.5 0.42
0.49 0.46
0.44 0.41
0.42 0.4
0.48 0.44
0.37 0.44
0.36 0.42
0.34 0.40.43 0.47
0.48 0.36
0.39 0.39
0.46 0.46
0.46 0.42
0.37 0.44
0.33 0.45
0.3 0.41
0.43 0.49
0.44 0.49
0.46 0.44
0.34 0.50.26 0.48
0.27 0.43
0.24 0.47
0.24 0.51
0.26 0.51
0.21 0.45
0.25 0.50.25 0.51
0.29 0.53
0.27 0.55
0.3 0.51
0.29 0.47
0.3 0.51
0.23 0.45
0.32 0.53
0.24 0.45
0.35 0.480.26 0.46
0.28 0.53
0.31 0.51
0.31 0.44
0.26 0.52
0.27 0.54
0.3 0.480.26 0.5
0.37 0.55
0.24 0.46
0.29 0.49
0.27 0.6
0.3 0.49
0.32 0.51
0.27 0.55
0.26 0.450.43 0.33
0.46 0.32
0.46 0.32
0.49 0.3
0.47 0.32
0.45 0.32
0.51 0.31
0.44 0.33
0.5 0.32
0.43 0.33
0.41 0.31
0.42 0.370.4 0.43
0.39 0.41
0.3 0.37
0.4 0.39
0.4 0.37
0.41 0.43
0.35 0.4
0.38 0.47
0.37 0.43
0.42 0.46
0.4 0.41
0.44 0.42
0.38 0.410.43 0.52
0.41 0.55
0.53 0.54
0.44 0.53
0.41 0.46
0.45 0.54
0.49 0.55
0.55 0.43
0.53 0.54
0.47 0.45
0.54 0.520.44 0.56
0.43 0.56
0.41 0.5
0.46 0.54
0.5 0.42
0.5 0.57
0.44 0.48
0.42 0.54
0.44 0.64
0.38 0.5
0.41 0.48
0.51 0.580.43 0.54
0.51 0.62
0.54 0.6
0.5 0.48
0.49 0.53
0.55 0.54
0.4 0.51
0.47 0.64
0.4 0.41
0.58 0.620.48 0.61
0.46 0.64
0.47 0.61
0.46 0.64
0.5 0.57
0.47 0.66
0.51 0.560.48 0.58
0.42 0.65
0.48 0.6
0.53 0.63
0.53 0.67
0.48 0.68
0.49 0.62
0.47 0.67
0.47 0.63
0.47 0.59
0.46 0.630.5 0.68
0.49 0.65
0.5 0.62
0.45 0.69
0.52 0.64
0.46 0.61
0.46 0.68
0.44 0.5
0.43 0.7
0.52 0.71
0.47 0.64
0.44 0.50.39 0.62
0.45 0.55
0.49 0.71
0.53 0.7
0.49 0.64
0.41 0.62
0.49 0.730.42 0.63
0.45 0.72
0.48 0.61
0.44 0.68
0.44 0.66
0.45 0.7
0.4 0.64
0.53 0.68
0.47 0.65
0.52 0.690.48 0.64
0.46 0.57
0.44 0.68
0.5 0.72
0.47 0.71
0.46 0.68
0.48 0.680.54 0.67
0.5 0.62
0.45 0.64
0.44 0.66
0.41 0.64
0.47 0.7
0.47 0.69
0.55 0.66
0.46 0.59